0. book(49, 80);
1. book(35, 86);
2. book(37, 92);
3. book(92, 87);
4. book(8, 21);
5. book(14, 56);
6. book(1, 34);
7. book(42, 52);
8. book(99, 76);
9. book(17, 7);
10. book(5, 90);
11. book(40, 34);
12. book(22, 25);
13. book(38, 89);
14. book(84, 31);
15. book(32, 34);
16. book(99, 22);
17. book(75, 18);
18. book(61, 39);
19. book(85, 19);
20. book(87, 70);
21. book(38, 40);
22. book(100, 95);
23. book(7, 98);
24. book(39, 14);
25. book(99, 38);
26. book(39, 45);
27. book(40, 15);
28. book(60, 63);
29. book(80, 76);
30. book(60, 49);
31. book(81, 68);
32. book(47, 52);
33. book(35, 10);
34. book(13, 97);
35. book(9, 41);
36. book(18, 63);
37. book(25, 1);
38. book(50, 100);
39. book(49, 69);
40. book(73, 58);
41. book(18, 24);
42. book(77, 63);
43. book(98, 96);
44. book(48, 47);
45. book(4, 62);
46. book(86, 77);
47. book(55, 94);
48. book(25, 2);
49. book(4, 78);
50. book(21, 52);
51. book(78, 80);
52. book(86, 73);
53. book(79, 38);
54. book(100, 26);
55. book(41, 44);
56. book(4, 79);
57. book(1, 28);
58. book(91, 11);
59. book(38, 98);
60. book(17, 61);
61. book(22, 54);
62. book(65, 48);
63. book(3, 95);
64. book(60, 68);
65. book(53, 7);
66. book(9, 89);
67. book(43, 26);
68. book(8, 100);
69. book(43, 23);
70. book(73, 40);
71. book(94, 72);
72. book(99, 29);
73. book(17, 98);
74. book(53, 66);
75. book(61, 45);
76. book(7, 79);
77. book(16, 19);
78. book(38, 76);
79. book(39, 5);
80. book(98, 15);
81. book(29, 45);
82. book(24, 55);
83. book(63, 21);
84. book(43, 6);
85. book(19, 19);
86. book(6, 94);
87. book(47, 38);
88. book(53, 31);
89. book(3, 18);
90. book(72, 63);
91. book(40, 94);
92. book(85, 29);
93. book(25, 72);
94. book(16, 100);
95. book(55, 54);
96. book(70, 74);
97. book(18, 19);
98. book(76, 55);
99. book(75, 81);
100. book(67, 10);
101. book(86, 17);
102. book(22, 74);
103. book(72, 33);
104. book(24, 30);
105. book(91, 76);
106. book(69, 95);
107. book(9, 92);
108. book(41, 5);
109. book(4, 71);
110. book(74, 16);
111. book(88, 7);
112. book(10, 69);
113. book(69, 44);
114. book(21, 47);
115. book(67, 16);
116. book(16, 37);
117. book(77, 0);
118. book(87, 13);
119. book(54, 24);
120. book(96, 8);
121. book(31, 14);
122. book(62, 9);
123. book(68, 16);
124. book(61, 44);
125. book(34, 54);
126. book(10, 43);
127. book(28, 51);
128. book(54, 14);
129. book(89, 57);
130. book(77, 24);
131. book(20, 56);
132. book(0, 63);
133. book(11, 60);
134. book(80, 22);
135. book(78, 71);
136. book(26, 58);
137. book(30, 37);
138. book(82, 36);
139. book(16, 37);
140. book(52, 74);
141. book(34, 59);
142. book(57, 52);
143. book(37, 87);
144. book(99, 91);
145. book(57, 16);
146. book(80, 10);
147. book(54, 29);
148. book(41, 16);
149. book(8, 87);
150. book(43, 98);
151. book(48, 86);
152. book(75, 6);
153. book(54, 19);
154. book(88, 48);
155. book(76, 90);
156. book(33, 7);
157. book(55, 41);
158. book(66, 39);
159. book(25, 41);
160. book(54, 45);
161. book(87, 16);
162. book(56, 65);
163. book(53, 12);
164. book(32, 59);
165. book(43, 4);
166. book(22, 31);
167. book(97, 96);
168. book(76, 32);
169. book(55, 83);
170. book(63, 70);
171. book(93, 16);
172. book(25, 97);
173. book(40, 22);
174. book(92, 6);
175. book(32, 54);
176. book(55, 60);
177. book(49, 90);
178. book(17, 27);
179. book(9, 84);
180. book(11, 17);
181. book(3, 23);
182. book(49, 90);
183. book(92, 49);
184. book(54, 35);
185. book(99, 85);
186. book(87, 13);
187. book(38, 90);
188. book(30, 73);
189. book(37, 98);
190. book(47, 96);
191. book(89, 25);
192. book(75, 5);
193. book(64, 35);
194. book(32, 45);
195. book(65, 89);
196. book(24, 59);
197. book(83, 66);
198. book(80, 100);
199. book(62, 87);
200. book(99, 66);
201. book(98, 77);
202. book(67, 72);
203. book(2, 78);
204. book(46, 50);
205. book(65, 63);
206. book(36, 31);
207. book(89, 27);
208. book(85, 26);
209. book(41, 67);
210. book(58, 31);
211. book(37, 14);
212. book(80, 25);
213. book(85, 87);
214. book(20, 53);
215. book(56, 11);
216. book(38, 54);
217. book(30, 5);
218. book(97, 25);
219. book(35, 98);
220. book(7, 8);
221. book(90, 31);
222. book(93, 50);
223. book(50, 23);
224. book(32, 57);
225. book(83, 74);
226. book(5, 41);
227. book(48, 87);
228. book(67, 9);
229. book(10, 78);
230. book(87, 44);
231. book(37, 93);
232. book(2, 88);
233. book(16, 65);
234. book(80, 58);
235. book(44, 24);
236. book(77, 70);
237. book(43, 73);
238. book(49, 90);
239. book(25, 19);
240. book(22, 24);
241. book(88, 26);
242. book(53, 16);
243. book(46, 35);
244. book(53, 73);
245. book(42, 1);
246. book(10, 0);
247. book(30, 70);
248. book(94, 87);
249. book(89, 97);
250. book(16, 81);
251. book(30, 23);
252. book(2, 57);
253. book(51, 31);
254. book(32, 90);
255. book(14, 18);
256. book(63, 68);
257. book(75, 80);
258. book(47, 9);
259. book(80, 2);
260. book(39, 14);
261. book(69, 40);
262. book(73, 99);
263. book(61, 38);
264. book(10, 36);
265. book(29, 86);
266. book(39, 57);
267. book(38, 95);
268. book(80, 53);
269. book(56, 41);
270. book(45, 35);
271. book(91, 44);
272. book(85, 8);
273. book(75, 12);
274. book(20, 15);
275. book(61, 1);
276. book(72, 99);
277. book(44, 67);
278. book(27, 69);
279. book(47, 26);
280. book(78, 82);
281. book(97, 99);
282. book(35, 43);
283. book(21, 34);
284. book(28, 46);
285. book(98, 90);
286. book(65, 15);
287. book(34, 44);
288. book(20, 5);
289. book(13, 69);
290. book(87, 38);
291. book(46, 42);
292. book(100, 82);
293. book(65, 3);
294. book(93, 44);
295. book(80, 91);
296. book(12, 39);
297. book(14, 74);
298. book(11, 43);
299. book(98, 38);
300. book(59, 79);
301. book(28, 19);
302. book(53, 63);
303. book(59, 60);
304. book(42, 5);
305. book(25, 87);
306. book(0, 14);
307. book(10, 45);
308. book(2, 86);
309. book(58, 62);
310. book(50, 35);
311. book(19, 71);
312. book(26, 18);
313. book(63, 51);
314. book(49, 71);
315. book(60, 77);
316. book(66, 86);
317. book(42, 21);
318. book(31, 76);
319. book(87, 86);
320. book(77, 15);
321. book(2, 77);
322. book(47, 73);
323. book(11, 95);
324. book(62, 86);
325. book(18, 39);
326. book(45, 41);
327. book(3, 58);
328. book(43, 97);
329. book(2, 85);
330. book(0, 63);
331. book(80, 36);
332. book(35, 56);
333. book(100, 11);
334. book(27, 68);
335. book(49, 91);
336. book(33, 75);
337. book(51, 94);
338. book(64, 67);
339. book(10, 91);
340. book(54, 85);
341. book(10, 64);
342. book(59, 39);
343. book(66, 28);
344. book(48, 41);
345. book(64, 60);
346. book(2, 4);
347. book(43, 12);
348. book(76, 41);
349. book(64, 93);
350. book(87, 51);
351. book(19, 51);
352. book(47, 3);
353. book(59, 75);
354. book(10, 10);
355. book(24, 39);
356. book(36, 100);
357. book(1, 81);
358. book(84, 100);
359. book(66, 80);
360. book(67, 98);
361. book(74, 48);
362. book(55, 62);
363. book(94, 66);
364. book(29, 72);
365. book(30, 7);
366. book(11, 75);
367. book(89, 66);
368. book(99, 97);
369. book(98, 61);
370. book(55, 89);
371. book(13, 82);
372. book(89, 14);
373. book(47, 86);
374. book(93, 34);
375. book(63, 33);
376. book(66, 48);
377. book(34, 69);
378. book(17, 81);
379. book(53, 18);
380. book(0, 61);
381. book(52, 16);
382. book(65, 37);
383. book(69, 18);
384. book(61, 41);
385. book(95, 57);
386. book(90, 3);
387. book(11, 15);
388. book(86, 10);
389. book(2, 50);
390. book(39, 81);
391. book(83, 73);
392. book(28, 100);
393. book(19, 94);
394. book(78, 96);
395. book(70, 64);
396. book(22, 18);
397. book(23, 30);
398. book(76, 14);
399. book(79, 31);
400. book(66, 27);
401. book(12, 41);
402. book(65, 83);
403. book(22, 0);
404. book(64, 7);
405. book(71, 24);
406. book(7, 75);
407. book(51, 8);
408. book(9, 76);
409. book(80, 17);
410. book(66, 85);
411. book(46, 0);
412. book(58, 60);
413. book(29, 82);
414. book(5, 62);
415. book(26, 91);
416. book(3, 92);
417. book(19, 36);
418. book(78, 83);
419. book(67, 63);
420. book(23, 1);
421. book(87, 19);
422. book(7, 43);
423. book(46, 45);
424. book(24, 58);
425. book(1, 3);
426. book(76, 69);
427. book(2, 38);
428. book(15, 78);
429. book(68, 83);
430. book(45, 44);
431. book(89, 27);
432. book(50, 6);
433. book(28, 83);
434. book(25, 20);
435. book(49, 25);
436. book(39, 36);
437. book(8, 60);
438. book(20, 24);
439. book(97, 4);
440. book(98, 93);
441. book(30, 48);
442. book(65, 28);
443. book(5, 60);
444. book(49, 17);
445. book(54, 28);
446. book(16, 1);
447. book(7, 22);
448. book(92, 32);
449. book(15, 49);
450. book(11, 86);
451. book(28, 41);
452. book(73, 16);
453. book(0, 8);
454. book(15, 23);
455. book(34, 37);
456. book(95, 75);
457. book(27, 5);
458. book(58, 4);
459. book(78, 2);
460. book(64, 18);
461. book(73, 94);
462. book(24, 85);
463. book(19, 65);
464. book(12, 84);
465. book(85, 75);
466. book(92, 3);
467. book(85, 52);
468. book(96, 34);
469. book(73, 13);
470. book(10, 66);
471. book(13, 57);
472. book(24, 8);
473. book(94, 48);
474. book(89, 37);
475. book(100, 53);
476. book(17, 97);
477. book(93, 99);
478. book(60, 49);
479. book(50, 29);
480. book(22, 41);
481. book(58, 32);
482. book(73, 73);
483. book(37, 23);
484. book(76, 51);
485. book(18, 76);
486. book(45, 36);
487. book(70, 76);
488. book(42, 80);
489. book(69, 55);
490. book(99, 72);
491. book(32, 47);
492. book(96, 94);
493. book(36, 76);
494. book(43, 47);
495. book(55, 59);
496. book(24, 42);
497. book(28, 78);
498. book(41, 32);
499. book(95, 36);
500. book(42, 43);
501. book(27, 22);
502. book(45, 76);
503. book(74, 53);
504. book(88, 24);
505. book(42, 70);
506. book(63, 39);
507. book(30, 97);
508. book(41, 25);
509. book(95, 17);
510. book(32, 35);
511. book(58, 66);
512. book(46, 21);
513. book(4, 77);
514. book(54, 61);
515. book(3, 57);
516. book(57, 84);
517. book(46, 7);
518. book(3, 51);
519. book(19, 92);
520. book(85, 20);
521. book(82, 71);
522. book(2, 75);
523. book(96, 60);
524. book(60, 85);
525. book(30, 12);
526. book(5, 11);
527. book(15, 22);
528. book(99, 96);
529. book(70, 70);
530. book(71, 77);
531. book(19, 52);
532. book(83, 21);
533. book(68, 81);
534. book(93, 99);
535. book(16, 86);
536. book(49, 37);
537. book(30, 54);
538. book(55, 21);
539. book(84, 99);
540. book(90, 91);
541. book(10, 81);
542. book(30, 28);
543. book(75, 85);
544. book(32, 15);
545. book(5, 0);
546. book(32, 21);
547. book(54, 49);
548. book(78, 51);
549. book(44, 11);
550. book(60, 4);
551. book(86, 40);
552. book(45, 51);
553. book(100, 46);
554. book(25, 45);
555. book(23, 16);
556. book(74, 56);
557. book(16, 37);
558. book(95, 77);
559. book(43, 26);
560. book(45, 64);
561. book(91, 14);
562. book(41, 77);
563. book(48, 40);
564. book(48, 43);
565. book(29, 91);
566. book(53, 74);
567. book(98, 20);
568. book(72, 97);
569. book(20, 34);
570. book(62, 54);
571. book(6, 90);
572. book(61, 21);
573. book(97, 0);
574. book(8, 60);
575. book(29, 53);
576. book(18, 34);
577. book(57, 85);
578. book(16, 22);
579. book(41, 66);
580. book(57, 83);
581. book(2, 13);
582. book(62, 57);
583. book(80, 20);
584. book(51, 74);
585. book(16, 48);
586. book(55, 17);
587. book(23, 21);
588. book(79, 9);
589. book(3, 66);
590. book(85, 80);
591. book(85, 84);
592. book(89, 21);
593. book(18, 7);
594. book(51, 71);
595. book(18, 16);
596. book(23, 61);
597. book(58, 56);
598. book(16, 6);
599. book(70, 54);
600. book(38, 25);
601. book(92, 79);
602. book(11, 56);
603. book(40, 38);
604. book(8, 24);
605. book(56, 37);
606. book(13, 15);
607. book(5, 79);
608. book(7, 58);
609. book(86, 31);
610. book(79, 51);
611. book(54, 79);
612. book(80, 80);
613. book(75, 61);
614. book(4, 80);
615. book(92, 83);
616. book(31, 23);
617. book(45, 91);
618. book(28, 43);
619. book(30, 74);
620. book(49, 31);
621. book(2, 16);
622. book(84, 62);
623. book(57, 75);
624. book(81, 2);
625. book(24, 98);
626. book(48, 58);
627. book(7, 67);
628. book(87, 52);
629. book(33, 39);
630. book(63, 24);
631. book(8, 82);
632. book(75, 62);
633. book(30, 12);
634. book(17, 8);
635. book(74, 35);
636. book(35, 0);
637. book(53, 14);
638. book(62, 55);
639. book(58, 85);
640. book(38, 48);
641. book(38, 64);
642. book(49, 50);
643. book(22, 77);
644. book(83, 57);
645. book(70, 94);
646. book(1, 65);
647. book(41, 26);
648. book(17, 0);
649. book(44, 80);
650. book(19, 77);
651. book(3, 90);
652. book(78, 92);
653. book(67, 37);
654. book(98, 43);
655. book(32, 19);
656. book(30, 90);
657. book(41, 99);
658. book(77, 9);
659. book(31, 57);
660. book(53, 96);
661. book(23, 6);
662. book(28, 53);
663. book(99, 68);
664. book(58, 76);
665. book(58, 0);
666. book(59, 60);
667. book(86, 46);
668. book(14, 33);
669. book(98, 20);
670. book(98, 11);
671. book(25, 11);
672. book(69, 78);
673. book(43, 50);
674. book(20, 20);
675. book(34, 7);
676. book(13, 67);
677. book(82, 81);
678. book(42, 45);
679. book(43, 14);
680. book(22, 24);
681. book(82, 94);
682. book(91, 91);
683. book(68, 94);
684. book(81, 54);
685. book(20, 75);
686. book(14, 8);
687. book(65, 36);
688. book(6, 32);
689. book(92, 93);
690. book(100, 74);
691. book(38, 86);
692. book(70, 9);
693. book(0, 82);
694. book(55, 17);
695. book(18, 29);
696. book(35, 53);
697. book(31, 11);
698. book(32, 96);
699. book(5, 97);
700. book(35, 90);
701. book(90, 23);
702. book(23, 9);
703. book(13, 16);
704. book(22, 76);
705. book(10, 6);
706. book(65, 3);
707. book(13, 63);
708. book(94, 75);
709. book(60, 18);
710. book(48, 99);
711. book(14, 35);
712. book(90, 59);
713. book(14, 56);
714. book(80, 99);
715. book(13, 10);
716. book(33, 17);
717. book(40, 12);
718. book(13, 89);
719. book(56, 15);
720. book(39, 6);
721. book(59, 31);
722. book(90, 33);
723. book(77, 54);
724. book(33, 43);
725. book(49, 89);
726. book(52, 71);
727. book(56, 31);
728. book(47, 36);
729. book(70, 13);
730. book(26, 62);
731. book(74, 98);
732. book(8, 92);
733. book(69, 98);
734. book(83, 81);
735. book(40, 64);
736. book(78, 73);
737. book(29, 78);
738. book(59, 68);
739. book(86, 21);
740. book(36, 66);
741. book(15, 89);
742. book(1, 57);
743. book(34, 63);
744. book(66, 65);
745. book(89, 92);
746. book(23, 32);
747. book(99, 14);
748. book(22, 39);
749. book(66, 99);
750. book(93, 74);
751. book(88, 58);
752. book(2, 78);
753. book(19, 5);
754. book(17, 39);
755. book(60, 18);
756. book(36, 7);
757. book(47, 3);
758. book(5, 33);
759. book(71, 70);
760. book(85, 5);
761. book(48, 72);
762. book(12, 52);
763. book(1, 34);
764. book(39, 95);
765. book(16, 57);
766. book(86, 33);
767. book(43, 42);
768. book(27, 64);
769. book(76, 39);
770. book(35, 23);
771. book(63, 16);
772. book(22, 46);
773. book(8, 14);
774. book(9, 79);
775. book(6, 40);
776. book(66, 82);
777. book(45, 85);
778. book(87, 21);
779. book(82, 82);
780. book(63, 6);
781. book(70, 76);
782. book(69, 35);
783. book(24, 24);
784. book(78, 23);
785. book(80, 39);
786. book(54, 76);
787. book(56, 99);
788. book(94, 9);
789. book(62, 64);
790. book(3, 93);
791. book(69, 40);
792. book(65, 97);
793. book(74, 47);
794. book(16, 38);
795. book(61, 50);
796. book(38, 61);
797. book(21, 68);
798. book(11, 18);
799. book(0, 42);
800. book(8, 63);
801. book(62, 32);
802. book(17, 25);
803. book(96, 5);
804. book(62, 74);
805. book(63, 79);
806. book(3, 7);
807. book(44, 36);
808. book(60, 100);
809. book(1, 11);
810. book(24, 12);
811. book(14, 73);
812. book(84, 93);
813. book(95, 60);
814. book(24, 66);
815. book(95, 96);
816. book(37, 75);
817. book(98, 15);
818. book(60, 18);
819. book(96, 43);
820. book(56, 84);
821. book(87, 47);
822. book(79, 9);
823. book(97, 50);
824. book(62, 63);
825. book(93, 58);
826. book(18, 34);
827. book(68, 76);
828. book(82, 40);
829. book(86, 40);
830. book(100, 86);
831. book(77, 15);
832. book(75, 98);
833. book(26, 44);
834. book(98, 76);
835. book(26, 68);
836. book(9, 39);
837. book(90, 34);
838. book(7, 50);
839. book(56, 37);
840. book(28, 39);
841. book(7, 60);
842. book(90, 33);
843. book(21, 29);
844. book(55, 30);
845. book(82, 47);
846. book(27, 50);
847. book(89, 47);
848. book(87, 100);
849. book(93, 61);
850. book(49, 94);
851. book(85, 16);
852. book(81, 45);
853. book(34, 36);
854. book(94, 34);
855. book(90, 71);
856. book(95, 0);
857. book(8, 83);
858. book(32, 10);
859. book(75, 6);
860. book(60, 52);
861. book(3, 70);
862. book(64, 26);
863. book(53, 0);
864. book(34, 31);
865. book(18, 75);
866. book(92, 73);
867. book(95, 70);
868. book(8, 37);
869. book(35, 92);
870. book(49, 82);
871. book(11, 8);
872. book(67, 65);
873. book(39, 10);
874. book(29, 37);
875. book(71, 23);
876. book(46, 23);
877. book(22, 69);
878. book(73, 90);
879. book(14, 59);
880. book(14, 54);
881. book(5, 94);
882. book(81, 21);
883. book(79, 47);
884. book(89, 38);
885. book(47, 17);
886. book(12, 21);
887. book(73, 5);
888. book(35, 85);
889. book(37, 34);
890. book(23, 61);
891. book(0, 60);
892. book(10, 99);
893. book(17, 82);
894. book(62, 33);
895. book(44, 23);
896. book(10, 44);
897. book(47, 6);
898. book(21, 35);
899. book(39, 82);
900. book(64, 69);
901. book(33, 42);
902. book(60, 31);
903. book(91, 50);
904. book(60, 95);
905. book(4, 4);
906. book(41, 53);
907. book(86, 23);
908. book(13, 57);
909. book(67, 75);
910. book(75, 62);
911. book(40, 38);
912. book(47, 6);
913. book(19, 29);
914. book(83, 31);
915. book(38, 74);
916. book(33, 69);
917. book(29, 55);
918. book(57, 10);
919. book(97, 28);
920. book(30, 36);
921. book(8, 78);
922. book(96, 71);
923. book(79, 7);
924. book(48, 43);
925. book(29, 87);
926. book(27, 29);
927. book(43, 31);
928. book(45, 9);
929. book(94, 36);
930. book(15, 1);
931. book(7, 9);
932. book(70, 57);
933. book(21, 62);
934. book(74, 67);
935. book(92, 10);
936. book(49, 46);
937. book(19, 41);
938. book(47, 10);
939. book(75, 26);
940. book(58, 8);
941. book(88, 6);
942. book(52, 67);
943. book(88, 28);
944. book(68, 60);
945. book(77, 57);
946. book(22, 88);
947. book(19, 4);
948. book(21, 61);
949. book(75, 60);
950. book(98, 26);
951. book(57, 17);
952. book(87, 18);
953. book(22, 34);
954. book(38, 74);
955. book(17, 19);
956. book(70, 9);
957. book(53, 99);
958. book(64, 33);
959. book(14, 45);
960. book(26, 50);
961. book(27, 38);
962. book(77, 23);
963. book(55, 79);
964. book(36, 15);
965. book(14, 14);
966. book(36, 45);
967. book(60, 73);
968. book(40, 87);
969. book(89, 4);
970. book(94, 99);
971. book(71, 29);
972. book(13, 36);
973. book(44, 7);
974. book(52, 64);
975. book(56, 100);
976. book(41, 3);
977. book(83, 73);
978. book(44, 65);
979. book(87, 12);
980. book(46, 88);
981. book(93, 45);
982. book(64, 37);
983. book(79, 67);
984. book(89, 32);
985. book(39, 75);
986. book(99, 16);
987. book(53, 28);
988. book(100, 33);
989. book(23, 12);
990. book(56, 23);
991. book(14, 21);
992. book(89, 85);
993. book(66, 10);
994. book(82, 90);
995. book(38, 62);
996. book(45, 50);
997. book(18, 24);
998. book(88, 31);
999. book(72, 37);
1000. book(22, 94);
1001. book(86, 80);
1002. book(70, 21);
1003. book(90, 78);
1004. book(7, 7);
1005. book(84, 81);
1006. book(99, 13);
1007. book(4, 97);
1008. book(52, 93);
1009. book(69, 53);
1010. book(85, 21);
1011. book(76, 65);
1012. book(64, 34);
1013. book(2, 51);
1014. book(53, 27);
1015. book(33, 36);
1016. book(66, 2);
1017. book(3, 83);
1018. book(75, 4);
1019. book(98, 6);
1020. book(24, 73);
1021. book(93, 52);
1022. book(11, 7);
1023. book(29, 3);
1024. book(74, 77);
1025. book(83, 3);
1026. book(33, 21);
1027. book(91, 64);
1028. book(64, 32);
1029. book(98, 65);
1030. book(11, 33);
1031. book(6, 90);
1032. book(42, 92);
1033. book(61, 39);
1034. book(73, 53);
1035. book(57, 97);
1036. book(80, 100);
1037. book(36, 65);
1038. book(58, 24);
1039. book(86, 16);
1040. book(94, 53);
1041. book(70, 22);
1042. book(27, 47);
1043. book(79, 100);
1044. book(59, 30);
1045. book(52, 6);
1046. book(28, 9);
1047. book(56, 77);
1048. book(35, 3);
1049. book(58, 72);
1050. book(55, 49);
1051. book(98, 61);
1052. book(69, 18);
1053. book(46, 88);
1054. book(26, 4);
1055. book(38, 4);
1056. book(81, 39);
1057. book(89, 61);
1058. book(15, 63);
1059. book(95, 40);
1060. book(32, 2);
1061. book(84, 54);
1062. book(8, 25);
1063. book(65, 31);
1064. book(33, 59);
1065. book(54, 46);
1066. book(13, 15);
1067. book(32, 30);
1068. book(42, 19);
1069. book(80, 43);
1070. book(12, 98);
1071. book(30, 14);
1072. book(6, 85);
1073. book(29, 24);
1074. book(97, 34);
1075. book(43, 24);
1076. book(55, 89);
1077. book(41, 63);
1078. book(90, 12);
1079. book(67, 36);
1080. book(48, 93);
1081. book(38, 51);
1082. book(87, 18);
1083. book(0, 32);
1084. book(37, 49);
1085. book(56, 5);
1086. book(65, 12);
1087. book(70, 16);
1088. book(34, 92);
1089. book(30, 96);
1090. book(76, 50);
1091. book(21, 46);
1092. book(33, 86);
1093. book(5, 70);
1094. book(77, 58);
1095. book(51, 20);
1096. book(94, 71);
1097. book(11, 70);
1098. book(1, 67);
1099. book(75, 29);
1100. book(95, 67);
1101. book(59, 39);
1102. book(28, 76);
1103. book(5, 81);
1104. book(95, 63);
1105. book(39, 85);
1106. book(12, 30);
1107. book(7, 4);
1108. book(10, 59);
1109. book(17, 96);
1110. book(26, 55);
1111. book(45, 51);
1112. book(56, 36);
1113. book(32, 40);
1114. book(23, 81);
1115. book(100, 91);
1116. book(49, 33);
1117. book(0, 1);
1118. book(68, 91);
1119. book(89, 21);
1120. book(99, 4);
1121. book(47, 78);
1122. book(36, 17);
1123. book(12, 62);
1124. book(47, 38);
1125. book(25, 29);
1126. book(42, 17);
1127. book(39, 45);
1128. book(96, 89);
1129. book(62, 58);
1130. book(12, 58);
1131. book(95, 2);
1132. book(67, 97);
1133. book(11, 76);
1134. book(30, 9);
1135. book(85, 46);
1136. book(6, 100);
1137. book(7, 34);
1138. book(74, 30);
1139. book(67, 26);
1140. book(61, 87);
1141. book(80, 72);
1142. book(6, 32);
1143. book(85, 2);
1144. book(46, 57);
1145. book(69, 100);
1146. book(3, 11);
1147. book(16, 52);
1148. book(93, 45);
1149. book(56, 46);
1150. book(7, 100);
1151. book(57, 32);
1152. book(96, 41);
1153. book(7, 62);
1154. book(100, 93);
1155. book(47, 98);
1156. book(71, 23);
1157. book(95, 85);
1158. book(4, 35);
1159. book(44, 37);
1160. book(11, 46);
1161. book(80, 31);
1162. book(25, 79);
1163. book(95, 56);
1164. book(73, 90);
1165. book(24, 89);
1166. book(87, 40);
1167. book(15, 19);
1168. book(50, 60);
1169. book(15, 47);
1170. book(76, 54);
1171. book(83, 4);
1172. book(76, 98);
1173. book(66, 88);
1174. book(22, 100);
1175. book(22, 8);
1176. book(28, 36);
1177. book(50, 62);
1178. book(0, 83);
1179. book(77, 56);
1180. book(3, 25);
1181. book(78, 27);
1182. book(94, 71);
1183. book(67, 32);
1184. book(50, 31);
1185. book(28, 81);
1186. book(26, 4);
1187. book(74, 97);
1188. book(85, 75);
1189. book(9, 59);
1190. book(76, 60);
1191. book(75, 6);
1192. book(10, 63);
1193. book(75, 51);
1194. book(80, 16);
1195. book(82, 91);
1196. book(90, 29);
1197. book(98, 88);
1198. book(62, 0);
1199. book(29, 55);
1200. book(29, 79);
1201. book(6, 15);
1202. book(85, 99);
1203. book(57, 4);
1204. book(18, 31);
1205. book(79, 10);
1206. book(59, 49);
1207. book(63, 16);
1208. book(72, 0);
1209. book(45, 84);
1210. book(81, 15);
1211. book(28, 48);
1212. book(57, 65);
1213. book(3, 28);
1214. book(24, 59);
1215. book(7, 27);
1216. book(61, 76);
1217. book(26, 51);
1218. book(78, 26);
1219. book(89, 64);
1220. book(17, 10);
1221. book(97, 12);
1222. book(83, 21);
1223. book(18, 99);
1224. book(49, 53);
1225. book(22, 80);
1226. book(43, 47);
1227. book(63, 41);
1228. book(21, 84);
1229. book(85, 37);
1230. book(59, 7);
1231. book(7, 95);
1232. book(100, 70);
1233. book(91, 1);
1234. book(94, 81);
1235. book(89, 25);
1236. book(99, 85);
1237. book(77, 65);
1238. book(70, 2);
1239. book(83, 10);
1240. book(2, 39);
1241. book(54, 58);
1242. book(23, 86);
1243. book(60, 68);
1244. book(23, 60);
1245. book(58, 23);
1246. book(4, 33);
1247. book(18, 48);
1248. book(30, 45);
1249. book(25, 26);
1250. book(9, 77);
1251. book(0, 18);
1252. book(8, 80);
1253. book(35, 83);
1254. book(18, 43);
1255. book(53, 45);
1256. book(1, 59);
1257. book(29, 57);
1258. book(4, 63);
1259. book(65, 98);
1260. book(11, 85);
1261. book(80, 58);
1262. book(56, 19);
1263. book(85, 80);
1264. book(63, 77);
1265. book(4, 41);
1266. book(53, 24);
1267. book(50, 76);
1268. book(84, 86);
1269. book(31, 90);
1270. book(86, 16);
1271. book(59, 94);
1272. book(13, 96);
1273. book(72, 93);
1274. book(64, 63);
1275. book(4, 68);
1276. book(54, 69);
1277. book(40, 61);
1278. book(74, 53);
1279. book(69, 27);
1280. book(55, 63);
1281. book(63, 69);
1282. book(4, 49);
1283. book(32, 100);
1284. book(65, 1);
1285. book(28, 51);
1286. book(42, 71);
1287. book(42, 77);
1288. book(23, 44);
1289. book(43, 10);
1290. book(13, 62);
1291. book(16, 41);
1292. book(32, 88);
1293. book(28, 3);
1294. book(67, 22);
1295. book(74, 60);
1296. book(60, 67);
1297. book(29, 100);
1298. book(43, 80);
1299. book(62, 59);
1300. book(43, 36);
1301. book(56, 95);
1302. book(81, 61);
1303. book(80, 67);
1304. book(43, 51);
1305. book(51, 61);
1306. book(4, 81);
1307. book(16, 90);
1308. book(75, 27);
1309. book(68, 36);
1310. book(79, 37);
1311. book(77, 24);
1312. book(32, 16);
1313. book(94, 63);
1314. book(4, 46);
1315. book(6, 34);
1316. book(87, 56);
1317. book(69, 34);
1318. book(22, 22);
1319. book(92, 95);
1320. book(95, 44);
1321. book(39, 32);
1322. book(32, 47);
1323. book(32, 12);
1324. book(32, 23);
1325. book(67, 34);
1326. book(10, 62);
1327. book(91, 32);
1328. book(82, 48);
1329. book(97, 28);
1330. book(88, 68);
1331. book(98, 15);
1332. book(99, 65);
1333. book(1, 94);
1334. book(84, 97);
1335. book(20, 54);
1336. book(25, 21);
1337. book(90, 55);
1338. book(36, 2);
1339. book(48, 9);
1340. book(53, 50);
1341. book(100, 85);
1342. book(18, 75);
1343. book(75, 94);
1344. book(8, 29);
1345. book(13, 34);
1346. book(5, 49);
1347. book(54, 14);
1348. book(40, 26);
1349. book(1, 14);
1350. book(13, 13);
1351. book(98, 51);
1352. book(50, 21);
1353. book(36, 64);
1354. book(25, 79);
1355. book(77, 59);
1356. book(31, 41);
1357. book(10, 99);
1358. book(51, 52);
1359. book(44, 100);
1360. book(42, 77);
1361. book(91, 0);
1362. book(13, 5);
1363. book(15, 60);
1364. book(4, 17);
1365. book(0, 87);
1366. book(80, 1);
1367. book(82, 28);
1368. book(0, 26);
1369. book(97, 51);
1370. book(16, 77);
1371. book(3, 74);
1372. book(17, 52);
1373. book(41, 8);
1374. book(29, 56);
1375. book(39, 8);
1376. book(86, 93);
1377. book(74, 71);
1378. book(87, 41);
1379. book(68, 34);
1380. book(92, 47);
1381. book(49, 74);
1382. book(9, 60);
1383. book(2, 9);
1384. book(54, 51);
1385. book(81, 7);
1386. book(3, 55);
1387. book(0, 63);
1388. book(25, 73);
1389. book(97, 55);
1390. book(65, 54);
1391. book(3, 65);
1392. book(50, 97);
1393. book(64, 53);
1394. book(23, 14);
1395. book(29, 93);
1396. book(100, 54);
1397. book(44, 73);
1398. book(24, 9);
1399. book(79, 29);
1400. book(18, 12);
1401. book(43, 76);
1402. book(95, 31);
1403. book(48, 66);
1404. book(20, 85);
1405. book(41, 20);
1406. book(94, 51);
1407. book(29, 18);
1408. book(52, 42);
1409. book(61, 1);
1410. book(12, 2);
1411. book(99, 33);
1412. book(14, 62);
1413. book(15, 58);
1414. book(42, 66);
1415. book(30, 96);
1416. book(8, 11);
1417. book(14, 72);
1418. book(62, 95);
1419. book(95, 88);
1420. book(30, 3);
1421. book(50, 84);
1422. book(26, 87);
1423. book(91, 30);
1424. book(6, 13);
1425. book(86, 64);
1426. book(85, 70);
1427. book(82, 13);
1428. book(64, 96);
1429. book(28, 10);
1430. book(24, 63);
1431. book(16, 92);
1432. book(14, 86);
1433. book(5, 22);
1434. book(2, 48);
1435. book(53, 19);
1436. book(59, 54);
1437. book(61, 1);
1438. book(15, 85);
1439. book(81, 48);
1440. book(74, 91);
1441. book(99, 25);
1442. book(35, 65);
1443. book(48, 9);
1444. book(59, 51);
1445. book(55, 78);
1446. book(34, 58);
1447. book(93, 89);
1448. book(57, 46);
1449. book(87, 63);
1450. book(1, 1);
1451. book(65, 53);
1452. book(47, 61);
1453. book(37, 6);
1454. book(90, 34);
1455. book(100, 18);
1456. book(28, 100);
1457. book(85, 94);
1458. book(12, 31);
1459. book(63, 7);
1460. book(15, 36);
1461. book(81, 91);
1462. book(16, 55);
1463. book(43, 20);
1464. book(100, 16);
1465. book(37, 31);
1466. book(68, 47);
1467. book(49, 75);
1468. book(33, 12);
1469. book(53, 86);
1470. book(81, 53);
1471. book(0, 80);
1472. book(38, 34);
1473. book(44, 57);
1474. book(45, 37);
1475. book(69, 80);
1476. book(26, 6);
1477. book(1, 65);
1478. book(34, 35);
1479. book(12, 1);
1480. book(41, 26);
1481. book(71, 75);
1482. book(32, 63);
1483. book(83, 68);
1484. book(74, 32);
1485. book(28, 30);
1486. book(35, 49);
1487. book(47, 21);
1488. book(88, 77);
1489. book(64, 22);
1490. book(90, 31);
1491. book(33, 12);
1492. book(83, 22);
1493. book(89, 16);
1494. book(30, 33);
1495. book(36, 63);
1496. book(70, 36);
1497. book(62, 35);
1498. book(72, 69);
1499. book(53, 88);
1500. book(4, 16);
1501. book(62, 12);
1502. book(100, 13);
1503. book(26, 5);
1504. book(91, 65);
1505. book(49, 74);
1506. book(31, 94);
1507. book(94, 51);
1508. book(95, 20);
1509. book(39, 34);
1510. book(38, 71);
1511. book(55, 93);
1512. book(24, 28);
1513. book(36, 61);
1514. book(77, 43);
1515. book(43, 2);
1516. book(69, 45);
1517. book(41, 34);
1518. book(11, 56);
1519. book(68, 38);
1520. book(63, 80);
1521. book(20, 92);
1522. book(68, 15);
1523. book(58, 5);
1524. book(67, 78);
1525. book(82, 21);
1526. book(74, 17);
1527. book(21, 41);
1528. book(87, 83);
1529. book(95, 97);
1530. book(88, 33);
1531. book(8, 64);
1532. book(53, 80);
1533. book(62, 8);
1534. book(66, 86);
1535. book(82, 86);
1536. book(11, 29);
1537. book(59, 81);
1538. book(70, 69);
1539. book(98, 29);
1540. book(34, 83);
1541. book(14, 85);
1542. book(26, 36);
1543. book(80, 86);
1544. book(79, 55);
1545. book(15, 41);
1546. book(38, 82);
1547. book(34, 60);
1548. book(87, 43);
1549. book(78, 93);
1550. book(6, 24);
1551. book(84, 51);
1552. book(59, 80);
1553. book(61, 52);
1554. book(76, 64);
1555. book(73, 19);
1556. book(62, 57);
1557. book(99, 99);
1558. book(14, 43);
1559. book(53, 31);
1560. book(34, 2);
1561. book(12, 9);
1562. book(52, 42);
1563. book(8, 74);
1564. book(55, 21);
1565. book(93, 96);
1566. book(80, 37);
1567. book(56, 30);
1568. book(14, 34);
1569. book(57, 28);
1570. book(16, 97);
1571. book(19, 16);
1572. book(34, 53);
1573. book(15, 5);
1574. book(97, 49);
1575. book(36, 94);
1576. book(74, 15);
1577. book(81, 16);
1578. book(9, 29);
1579. book(64, 30);
1580. book(51, 23);
1581. book(92, 46);
1582. book(72, 61);
1583. book(16, 92);
1584. book(46, 22);
1585. book(93, 18);
1586. book(93, 62);
1587. book(38, 51);
1588. book(50, 59);
1589. book(40, 95);
1590. book(45, 45);
1591. book(98, 37);
1592. book(6, 89);
1593. book(100, 82);
1594. book(22, 29);
1595. book(59, 72);
1596. book(5, 17);
1597. book(26, 72);
1598. book(82, 67);
1599. book(74, 29);
1600. book(81, 53);
1601. book(23, 94);
1602. book(34, 94);
1603. book(12, 2);
1604. book(86, 24);
1605. book(12, 54);
1606. book(6, 43);
1607. book(49, 78);
1608. book(39, 51);
1609. book(72, 81);
1610. book(49, 88);
1611. book(31, 14);
1612. book(99, 51);
1613. book(38, 88);
1614. book(58, 38);
1615. book(25, 100);
1616. book(66, 35);
1617. book(70, 38);
1618. book(3, 40);
1619. book(41, 53);
1620. book(48, 10);
1621. book(77, 97);
1622. book(88, 88);
1623. book(81, 90);
1624. book(13, 50);
1625. book(71, 75);
1626. book(78, 62);
1627. book(47, 67);
1628. book(10, 8);
1629. book(11, 76);
1630. book(73, 0);
1631. book(58, 68);
1632. book(37, 23);
1633. book(54, 59);
1634. book(28, 26);
1635. book(76, 74);
1636. book(39, 10);
1637. book(35, 5);
1638. book(62, 15);
1639. book(8, 8);
1640. book(91, 25);
1641. book(48, 40);
1642. book(70, 18);
1643. book(33, 34);
1644. book(73, 83);
1645. book(22, 52);
1646. book(30, 58);
1647. book(5, 100);
1648. book(99, 73);
1649. book(53, 74);
1650. book(99, 66);
1651. book(8, 79);
1652. book(64, 33);
1653. book(8, 68);
1654. book(94, 10);
1655. book(21, 20);
1656. book(75, 55);
1657. book(89, 94);
1658. book(61, 13);
1659. book(43, 49);
1660. book(88, 28);
1661. book(61, 57);
1662. book(29, 8);
1663. book(84, 44);
1664. book(70, 92);
1665. book(46, 34);
1666. book(66, 38);
1667. book(28, 85);
1668. book(78, 89);
1669. book(35, 59);
1670. book(89, 71);
1671. book(21, 49);
1672. book(79, 51);
1673. book(67, 71);
1674. book(33, 12);
1675. book(75, 7);
1676. book(46, 94);
1677. book(37, 66);
1678. book(63, 60);
1679. book(100, 12);
1680. book(87, 95);
1681. book(91, 10);
1682. book(93, 21);
1683. book(84, 78);
1684. book(48, 98);
1685. book(47, 37);
1686. book(95, 97);
1687. book(58, 80);
1688. book(47, 89);
1689. book(65, 69);
1690. book(25, 5);
1691. book(60, 84);
1692. book(63, 93);
1693. book(7, 43);
1694. book(7, 10);
1695. book(98, 58);
1696. book(59, 62);
1697. book(79, 28);
1698. book(60, 54);
1699. book(54, 31);
1700. book(41, 62);
1701. book(81, 86);
1702. book(75, 18);
1703. book(33, 86);
1704. book(26, 79);
1705. book(66, 16);
1706. book(11, 52);
1707. book(13, 17);
1708. book(8, 38);
1709. book(94, 65);
1710. book(53, 1);
1711. book(62, 79);
1712. book(63, 6);
1713. book(94, 90);
1714. book(78, 2);
1715. book(68, 75);
1716. book(91, 42);
1717. book(64, 24);
1718. book(94, 97);
1719. book(55, 40);
1720. book(48, 78);
1721. book(98, 97);
1722. book(31, 12);
1723. book(39, 0);
1724. book(33, 3);
1725. book(87, 48);
1726. book(90, 4);
1727. book(82, 33);
1728. book(56, 37);
1729. book(14, 1);
1730. book(81, 6);
1731. book(29, 14);
1732. book(89, 39);
1733. book(40, 21);
1734. book(71, 94);
1735. book(73, 96);
1736. book(64, 58);
1737. book(50, 61);
1738. book(29, 2);
1739. book(39, 55);
1740. book(17, 19);
1741. book(83, 6);
1742. book(31, 28);
1743. book(88, 74);
1744. book(58, 62);
1745. book(14, 4);
1746. book(58, 13);
1747. book(38, 68);
1748. book(79, 25);
1749. book(41, 15);
1750. book(67, 94);
1751. book(88, 95);
1752. book(81, 50);
1753. book(89, 24);
1754. book(100, 0);
1755. book(98, 48);
1756. book(31, 60);
1757. book(75, 65);
1758. book(2, 90);
1759. book(75, 97);
1760. book(98, 63);
1761. book(71, 49);
1762. book(32, 25);
1763. book(27, 23);
1764. book(8, 10);
1765. book(23, 45);
1766. book(46, 32);
1767. book(78, 38);
1768. book(44, 20);
1769. book(87, 2);
1770. book(100, 36);
1771. book(4, 73);
1772. book(88, 81);
1773. book(73, 29);
1774. book(66, 87);
1775. book(45, 31);
1776. book(65, 79);
1777. book(64, 49);
1778. book(96, 15);
1779. book(27, 33);
1780. book(0, 8);
1781. book(5, 98);
1782. book(81, 4);
1783. book(10, 85);
1784. book(89, 42);
1785. book(65, 78);
1786. book(85, 0);
1787. book(99, 81);
1788. book(91, 79);
1789. book(68, 35);
1790. book(76, 91);
1791. book(80, 0);
1792. book(44, 41);
1793. book(65, 47);
1794. book(65, 52);
1795. book(55, 79);
1796. book(47, 0);
1797. book(1, 88);
1798. book(36, 0);
1799. book(84, 32);
1800. book(20, 27);
1801. book(67, 68);
1802. book(18, 99);
1803. book(72, 34);
1804. book(17, 84);
1805. book(17, 14);
1806. book(3, 52);
1807. book(38, 98);
1808. book(32, 44);
1809. book(61, 18);
1810. book(73, 40);
1811. book(79, 70);
1812. book(11, 77);
1813. book(29, 36);
1814. book(62, 25);
1815. book(46, 15);
1816. book(11, 67);
1817. book(6, 77);
1818. book(0, 45);
1819. book(5, 94);
1820. book(24, 60);
1821. book(3, 78);
1822. book(33, 47);
1823. book(43, 73);
1824. book(60, 61);
1825. book(73, 23);
1826. book(78, 61);
1827. book(100, 8);
1828. book(94, 12);
1829. book(44, 65);
1830. book(19, 90);
1831. book(41, 33);
1832. book(48, 66);
1833. book(31, 20);
1834. book(10, 45);
1835. book(72, 33);
1836. book(88, 86);
1837. book(94, 89);
1838. book(6, 27);
1839. book(40, 60);
1840. book(10, 2);
1841. book(47, 100);
1842. book(66, 10);
1843. book(74, 90);
1844. book(76, 74);
1845. book(98, 87);
1846. book(98, 20);
1847. book(25, 23);
1848. book(22, 53);
1849. book(87, 70);
1850. book(68, 6);
1851. book(16, 20);
1852. book(33, 15);
1853. book(23, 88);
1854. book(82, 33);
1855. book(66, 98);
1856. book(75, 78);
1857. book(91, 16);
1858. book(79, 20);
1859. book(92, 93);
1860. book(20, 94);
1861. book(95, 6);
1862. book(30, 11);
1863. book(55, 98);
1864. book(99, 79);
1865. book(62, 50);
1866. book(15, 88);
1867. book(64, 70);
1868. book(19, 11);
1869. book(27, 44);
1870. book(16, 41);
1871. book(54, 8);
1872. book(92, 1);
1873. book(49, 99);
1874. book(92, 26);
1875. book(85, 54);
1876. book(34, 89);
1877. book(0, 14);
1878. book(71, 92);
1879. book(76, 35);
1880. book(53, 95);
1881. book(46, 50);
1882. book(55, 77);
1883. book(43, 41);
1884. book(10, 71);
1885. book(84, 95);
1886. book(35, 45);
1887. book(12, 75);
1888. book(74, 63);
1889. book(98, 15);
1890. book(88, 55);
1891. book(72, 63);
1892. book(64, 80);
1893. book(12, 44);
1894. book(11, 56);
1895. book(29, 33);
1896. book(59, 43);
1897. book(31, 4);
1898. book(98, 76);
1899. book(3, 74);
1900. book(6, 41);
1901. book(45, 58);
1902. book(9, 62);
1903. book(25, 68);
1904. book(12, 65);
1905. book(67, 82);
1906. book(22, 75);
1907. book(77, 95);
1908. book(74, 26);
1909. book(57, 67);
1910. book(2, 68);
1911. book(22, 27);
1912. book(47, 89);
1913. book(98, 58);
1914. book(14, 57);
1915. book(42, 24);
1916. book(72, 23);
1917. book(14, 83);
1918. book(74, 95);
1919. book(61, 85);
1920. book(55, 7);
1921. book(61, 28);
1922. book(13, 91);
1923. book(54, 64);
1924. book(73, 57);
1925. book(33, 72);
1926. book(97, 63);
1927. book(67, 10);
1928. book(5, 68);
1929. book(3, 57);
1930. book(93, 88);
1931. book(47, 12);
1932. book(4, 39);
1933. book(5, 14);
1934. book(55, 98);
1935. book(8, 78);
1936. book(6, 76);
1937. book(82, 67);
1938. book(93, 66);
1939. book(62, 19);
1940. book(72, 33);
1941. book(40, 91);
1942. book(36, 26);
1943. book(37, 35);
1944. book(36, 10);
1945. book(90, 76);
1946. book(7, 83);
1947. book(93, 35);
1948. book(91, 59);
1949. book(26, 59);
1950. book(87, 93);
1951. book(29, 66);
1952. book(81, 85);
1953. book(13, 45);
1954. book(32, 27);
1955. book(28, 37);
1956. book(10, 14);
1957. book(44, 28);
1958. book(21, 38);
1959. book(14, 37);
1960. book(34, 100);
1961. book(54, 5);
1962. book(89, 54);
1963. book(99, 3);
1964. book(63, 41);
1965. book(99, 91);
1966. book(20, 3);
1967. book(13, 93);
1968. book(4, 50);
1969. book(83, 40);
1970. book(13, 71);
1971. book(70, 24);
1972. book(53, 61);
1973. book(34, 86);
1974. book(52, 25);
1975. book(72, 57);
1976. book(90, 67);
1977. book(22, 59);
1978. book(40, 4);
1979. book(96, 27);
1980. book(54, 71);
1981. book(12, 0);
1982. book(66, 44);
1983. book(98, 12);
1984. book(16, 64);
1985. book(14, 37);
1986. book(71, 77);
1987. book(37, 72);
1988. book(68, 34);
1989. book(87, 43);
1990. book(49, 42);
1991. book(49, 84);
1992. book(52, 24);
1993. book(78, 32);
1994. book(80, 54);
1995. book(18, 86);
1996. book(90, 80);
1997. book(100, 59);
1998. book(12, 87);
1999. book(2, 62);